260
260
316
316
260
0
0
60
260
260
316
60
0
0
60
316
260
260
60
60
0
0
316
316
260
260
0
0
4
260
204
204
372
372
0
0
0
372
204
204
372
0
0
0
372
372
204
204
0
0
0
0
372
372
204
204
0
0
204
204
204
204
316
316
0
0
172
428
204
204
316
0
0
0
428
428
204
0
0
0
0
204
428
428
0
0
0
0
204
204
260
260
148
148
0
0
484
484
260
260
148
0
0
0
484
484
4
0
0
0
0
260
484
484
0
0
0
0
260
260
260
260
92
0
0
0
540
540
260
4
0
0
0
4
540
540
0
0
0
92
4
260
540
284
0
0
92
92
260
260
204
204
0
0
0
0
596
596
204
0
0
0
0
204
596
596
0
0
0
148
204
204
340
0
0
0
148
148
204
204
0
0
0
0
0
204
428
428
204
0
0
0
204
204
396
396
0
0
0
204
204
204
0
0
0
0
0
204
204
204
0
0
4
4
260
260
36
36
260
4
0
0
260
260
0
0
4
4
260
260
260
4
0
36
4
0
0
260
260
260
0
0
316
316
260
260
0
0
260
260
0
0
260
260
0
0
260
260
316
316
260
0
0
380
0
0
60
316
260
260
0
0
372
372
204
204
0
0
204
204
0
0
204
204
0
0
204
204
372
372
0
0
180
180
0
0
372
372
204
204
0
204
316
316
204
204
0
0
0
0
0
0
204
204
0
0
204
204
316
316
0
0
492
0
0
204
316
316
204
204
260
260
148
148
260
260
36
36
0
0
0
0
260
260
0
0
260
260
148
148
0
0
292
36
4
260
148
148
260
260
260
260
92
92
260
260
0
0
0
0
92
92
260
260
0
0
260
260
92
0
0
0
92
92
260
260
92
92
260
260
204
204
148
148
204
0
0
0
0
0
148
148
204
204
20
20
204
204
0
0
0
0
148
148
204
204
148
148
204
204
204
204
0
0
204
0
0
0
204
0
0
204
204
204
140
0
0
204
0
0
0
204
0
0
204
204
204
204
204
204
260
260
0
0
260
4
4
260
4
0
0
260
260
260
324
0
0
260
4
4
260
260
0
0
260
260
260
260
260
4
260
4
0
0
260
260
316
316
0
0
0
316
260
260
188
0
0
260
316
316
260
260
0
0
260
260
316
316
260
0
204
0
0
116
204
204
372
372
0
0
0
372
204
204
0
0
0
204
372
372
204
204
0
0
204
204
372
372
0
0
0
0
0
316
204
204
172
172
0
0
60
316
204
204
0
0
204
204
316
316
204
0
0
0
204
204
316
316
0
0
0
4
0
148
260
260
0
0
4
4
148
148
260
260
0
0
260
260
148
148
260
0
0
228
260
260
148
148
0
0
0
260
92
92
260
260
0
0
260
260
92
92
260
260
0
0
260
260
92
92
260
0
0
540
260
260
92
0
0
0
0
204
148
148
204
204
0
0
204
204
148
148
204
204
0
0
204
204
148
148
0
0
0
596
204
204
0
0
0
0
204
204
204
204
0
0
0
0
0
204
204
204
204
204
0
0
204
0
0
204
0
0
172
428
204
204
0
0
0
204
260
260
260
260
0
0
292
0
0
260
260
260
260
260
0
0
4
0
0
260
4
4
36
36
260
260
4
0
0
260
260
260
60
60
0
0
124
0
4
260
316
316
260
4
0
124
0
0
0
316
260
260
0
0
260
260
60
0
0
260
204
204
0
0
0
0
0
0
204
204
372
372
204
0
0
692
0
0
0
372
204
204
0
0
204
204
0
0
0
204
204
0
0
0
0
204
0
0
204
204
316
316
204
0
0
748
0
0
60
316
204
204
0
0
204
0
0
0
204
204
4
0
0
0
0
260
36
36
260
260
148
148
4
0
0
292
4
4
148
148
260
260
36
36
4
0
0
0
260
260
0
0
0
92
4
260
92
92
260
260
92
92
0
0
0
92
260
260
92
92
260
260
92
0
0
0
0
92
260
260
0
0
0
148
204
204
148
148
204
204
148
0
0
0
148
148
204
204
148
148
204
204
148
0
0
0
148
148
204
204
