260
260
316
316
260
-508
-708
60
260
260
316
60
-508
-508
60
316
260
260
60
60
-508
-508
316
316
260
260
-452
-708
4
260
204
204
372
372
-52
-820
-396
372
204
204
372
-396
-820
-52
372
372
204
204
-396
-396
-52
-52
372
372
204
204
-652
-652
204
204
204
204
316
316
-564
-820
172
428
204
204
316
-452
-820
-52
428
428
204
-52
-452
-452
-52
204
428
428
-52
-52
-452
-452
204
204
260
260
148
148
-764
-764
484
484
260
260
148
-364
-764
-252
484
484
4
-508
-108
-108
-252
260
484
484
-508
-508
-108
-108
260
260
260
260
92
-164
-764
-508
540
540
260
4
-164
-420
-508
4
540
540
-252
-764
-164
92
4
260
540
284
-764
-508
92
92
260
260
204
204
-108
-620
-564
-52
596
596
204
-564
-620
-108
-52
204
596
596
-308
-820
-364
148
204
204
340
-172
-564
-52
148
148
204
204
-52
-52
-308
-564
-52
204
428
428
204
-564
-820
-52
204
204
396
396
-308
-564
-52
204
204
204
-84
-340
-52
-52
-52
204
204
204
-508
-508
4
4
260
260
36
36
260
4
-764
-508
260
260
-60
-60
4
4
260
260
260
4
-220
36
4
-508
-252
260
260
260
-764
-508
316
316
260
260
-132
-132
260
260
-708
-708
260
260
-260
-260
260
260
316
316
260
-508
-132
380
-508
-508
60
316
260
260
-564
-52
372
372
204
204
-76
-76
204
204
-652
-652
204
204
-204
-204
204
204
372
372
-52
-820
180
180
-820
-52
372
372
204
204
-52
204
316
316
204
204
-20
-20
-52
-52
-452
-452
204
204
-148
-148
204
204
316
316
-564
-820
492
-20
-564
204
316
316
204
204
260
260
148
148
260
260
36
36
-508
-508
-108
-108
260
260
-92
-92
260
260
148
148
-764
-764
292
36
4
260
148
148
260
260
260
260
92
92
260
260
-164
-164
-508
-508
92
92
260
260
-36
-36
260
260
92
-164
-764
-508
92
92
260
260
92
92
260
260
204
204
148
148
204
-52
-620
-364
-52
-52
148
148
204
204
20
20
204
204
-108
-620
-564
-52
148
148
204
204
148
148
204
204
204
204
-52
-52
204
-308
-564
-52
204
-52
-52
204
204
204
140
-116
-52
204
-308
-564
-52
204
-52
-52
204
204
204
204
204
204
260
260
-508
-508
260
4
4
260
4
-508
-252
260
260
260
324
-444
-508
260
4
4
260
260
-508
-508
260
260
260
260
260
4
260
4
-708
-452
260
260
316
316
-252
-764
-196
316
260
260
188
-580
-508
260
316
316
260
260
-708
-708
260
260
316
316
260
-508
204
-564
-652
116
204
204
372
372
-308
-820
-140
372
204
204
-268
-524
-52
204
372
372
204
204
-652
-652
204
204
372
372
-52
-820
-52
-564
-452
316
204
204
172
172
-308
-564
60
316
204
204
-468
-468
204
204
316
316
204
-52
-596
-340
204
204
316
316
-564
-820
-508
4
-108
148
260
260
-284
-284
4
4
148
148
260
260
-412
-412
260
260
148
148
260
-508
-540
228
260
260
148
148
-764
-764
-508
260
92
92
260
260
-484
-484
260
260
92
92
260
260
-356
-356
260
260
92
92
260
-764
-484
540
260
260
92
-164
-764
-508
-52
204
148
148
204
204
-428
-428
204
204
148
148
204
204
-300
-300
204
204
148
148
-52
-820
-172
596
204
204
-108
-620
-564
-52
204
204
204
204
-52
-52
-84
-340
-52
204
204
204
204
204
-244
-244
204
-52
-52
204
-308
-564
172
428
204
204
-308
-820
-308
204
260
260
260
260
-508
-508
292
-220
-252
260
260
260
260
260
-188
-188
4
-508
-252
260
4
4
36
36
260
260
4
-764
-508
260
260
260
60
60
-508
-508
124
-132
4
260
316
316
260
4
-132
124
-252
-764
-196
316
260
260
-132
-132
260
260
60
-708
-508
260
204
204
-396
-396
-52
-52
-76
-76
204
204
372
372
204
-564
-76
692
-308
-820
-140
372
204
204
-76
-76
204
204
-396
-652
-52
204
204
-52
-452
-452
-52
204
-20
-20
204
204
316
316
204
-820
-276
748
-308
-564
60
316
204
204
-20
-20
204
-52
-708
-452
204
204
4
-508
-108
-108
-252
260
36
36
260
260
148
148
4
-764
-476
292
4
4
148
148
260
260
36
36
4
-508
-620
-108
260
260
-252
-764
-164
92
4
260
92
92
260
260
92
92
-508
-764
-164
92
260
260
92
92
260
260
92
-164
-508
-508
-164
92
260
260
-308
-820
-364
148
204
204
148
148
204
204
148
-108
-820
-564
148
148
204
204
148
148
204
204
148
-620
-820
-52
148
148
204
204
