0
36
72
108
144
180
216
252
32
68
104
140
176
212
248
28
64
100
136
172
208
244
24
60
96
132
168
204
240
20
56
92
24
46
96
118
168
190
240
6
56
78
128
150
200
222
16
38
88
110
160
182
232
254
48
70
120
142
192
214
8
30
80
102
48
84
92
128
192
228
236
16
80
116
124
160
224
4
12
48
112
148
156
192
0
36
44
80
144
180
188
224
32
68
76
112
72
94
116
138
216
238
4
26
104
126
148
170
248
14
36
58
136
158
180
202
24
46
68
90
168
190
212
234
56
78
100
122
96
132
168
204
184
220
0
36
128
164
200
236
216
252
32
68
160
196
232
12
248
28
64
100
192
228
8
44
24
60
96
132
120
142
192
214
208
230
24
46
152
174
224
246
240
6
56
78
184
206
0
22
16
38
88
110
216
238
32
54
48
70
120
142
144
180
188
224
232
12
20
56
176
212
220
0
8
44
52
88
208
244
252
32
40
76
84
120
240
20
28
64
72
108
116
152
168
190
212
234
0
22
44
66
200
222
244
10
32
54
76
98
232
254
20
42
64
86
108
130
8
30
52
74
96
118
140
162
192
228
8
44
80
116
152
188
112
148
184
220
0
36
72
108
0
36
72
108
144
180
216
252
176
212
248
28
64
100
136
172
216
238
32
54
104
126
176
198
136
158
208
230
24
46
96
118
24
46
96
118
168
190
240
6
200
222
16
38
88
110
160
182
240
20
28
64
128
164
172
208
160
196
204
240
48
84
92
128
48
84
92
128
192
228
236
16
224
4
12
48
112
148
156
192
8
30
52
74
152
174
196
218
184
206
228
250
72
94
116
138
72
94
116
138
216
238
4
26
248
14
36
58
136
158
180
202
32
68
104
140
120
156
192
228
208
244
24
60
40
76
112
148
96
132
168
204
184
220
0
36
16
52
88
124
104
140
176
212
56
78
128
150
144
166
216
238
232
254
48
70
64
86
136
158
120
142
192
214
208
230
24
46
40
62
112
134
128
150
200
222
80
116
124
160
168
204
212
248
0
36
44
80
88
124
132
168
144
180
188
224
232
12
20
56
64
100
108
144
152
188
196
232
104
126
148
170
192
214
236
2
24
46
68
90
112
134
156
178
168
190
212
234
0
22
44
66
88
110
132
154
176
198
220
242
128
164
200
236
16
52
88
124
160
196
232
12
48
84
120
156
224
4
40
76
112
148
184
220
0
36
72
108
144
180
216
252
152
174
224
246
40
62
112
134
184
206
0
22
72
94
144
166
248
14
64
86
136
158
208
230
24
46
96
118
168
190
240
6
176
212
220
0
64
100
108
144
208
244
252
32
96
132
140
176
16
52
60
96
160
196
204
240
48
84
92
128
192
228
236
16
200
222
244
10
88
110
132
154
232
254
20
42
120
142
164
186
40
62
84
106
184
206
228
250
72
94
116
138
216
238
4
26
224
4
40
76
56
92
128
164
0
36
72
108
88
124
160
196
64
100
136
172
152
188
224
4
96
132
168
204
184
220
0
36
248
14
64
86
80
102
152
174
24
46
96
118
112
134
184
206
88
110
160
182
176
198
248
14
120
142
192
214
208
230
24
46
16
52
60
96
104
140
148
184
48
84
92
128
136
172
180
216
112
148
156
192
200
236
244
24
144
180
188
224
232
12
20
56
40
62
84
106
128
150
172
194
72
94
116
138
160
182
204
226
136
158
180
202
224
246
12
34
168
190
212
234
0
22
44
66
64
100
136
172
208
244
24
60
240
20
56
92
128
164
200
236
160
196
232
12
48
84
120
156
80
116
152
188
224
4
40
76
88
110
160
182
232
254
48
70
8
30
80
102
152
174
224
246
184
206
0
22
72
94
144
166
104
126
176
198
248
14
64
86
112
148
156
192
0
36
44
80
32
68
76
112
176
212
220
0
208
244
252
32
96
132
140
176
128
164
172
208
16
52
60
96
136
158
180
202
24
46
68
90
56
78
100
122
200
222
244
10
232
254
20
42
120
142
164
186
152
174
196
218
40
62
84
106
160
196
232
12
248
28
64
100
80
116
152
188
168
204
240
20
0
36
72
108
88
124
160
196
176
212
248
28
8
44
80
116
184
206
0
22
16
38
88
110
104
126
176
198
192
214
8
30
24
46
96
118
112
134
184
206
200
222
16
38
32
54
104
126
208
244
252
32
40
76
84
120
128
164
172
208
216
252
4
40
48
84
92
128
136
172
180
216
224
4
12
48
56
92
100
136
232
254
20
42
64
86
108
130
152
174
196
218
240
6
28
50
72
94
116
138
160
182
204
226
248
14
36
58
80
102
124
146
