6939
5531
50681
54069
8328
16070
39706
7719
13391
29773
38548
38297
31460
48394
3488
25589
45722
17222
4263
994
34506
20970
24413
17531
37528
20982
13523
47206
20634
17763
11804
26461
23180
34078
1157
15744
35688
19775
38348
21885
42919
5438
34925
33338
34809
27751
22679
701
22547
14514
32702
0
28130
48518
12732
1852
25093
31754
0
37765
24739
22244
4474
20988
38367
0
15415
34862
41694
33164
4694
9378
10612
32591
58459
39410
2649
5467
0
35786
41246
15156
38931
65535
0
0
32444
15706
0
48762
0
0
13592
45291
36049
0
24581
47280
11000
12333
27136
11486
32665
33270
21572
11188
12616
19279
9692
25133
57630
13405
32217
17555
0
3074
54319
53066
1042
8612
26435
12419
11348
24754
42134
11607
32849
40369
0
11595
51184
1732
39729
15913
0
25901
54466
48710
13140
6578
16770
12303
38284
11023
7078
46634
35993
50539
29674
6407
46692
30155
0
30979
65535
0
0
43957
36788
40116
40756
0
24646
12946
13533
42336
30996
12535
10234
17902
19134
11797
20554
23669
45739
37138
4733
7474
25379
25958
4844
34775
31520
27383
36194
3794
0
21405
33477
16441
8437
0
2922
37909
62958
49127
4209
0
14988
41287
36970
12709
4528
39067
14546
41774
15942
0
17386
58191
22156
60239
25204
14565
10216
36547
5338
12215
19588
0
39170
6102
14209
25350
25053
29266
13900
32659
11949
5323
24359
10992
13755
26603
20591
19172
21896
3435
16525
24929
16093
24666
0
25071
4954
5254
8244
31518
22803
31516
43539
53962
32579
7357
31409
17319
0
34055
11855
27743
16092
0
3255
34979
0
12899
23668
28686
21173
0
0
27300
31093
21254
10637
32665
5669
28130
44786
36793
24381
42022
9062
25421
33734
10238
4889
2269
37225
42717
22700
0
23756
41693
4035
8235
7056
51771
8045
3762
21925
43895
0
26695
29754
42368
14060
25998
52369
29311
13038
0
18574
34856
22250
24623
31971
8803
30722
17172
7792
0
31618
42066
32689
14823
4904
24646
1996
0
42686
11718
0
30228
41121
26566
11062
15927
40833
11815
22561
15787
33091
0
61282
44516
43117
0
18837
11606
0
5934
43907
37912
11601
36334
0
29345
13494
3040
38676
35677
12012
0
50485
50359
7115
14427
7994
21835
38954
25198
23678
2890
26732
44790
24850
0
8272
21214
31767
12760
23750
40049
30246
1326
0
22649
48761
3135
36890
41815
0
27727
56627
37056
14514
22432
35144
575
42130
7359
20560
21415
9669
44788
41546
3680
0
27764
32250
12007
4845
57588
20132
0
17017
24817
19583
37215
22410
19454
1921
44826
32693
36215
0
23073
64442
18054
46541
12146
0
34183
37887
46303
25302
3679
15082
20655
38255
4081
45776
22141
1008
22067
41659
16862
37650
39093
0
15132
8633
17345
43886
13685
0
26067
33278
20658
15967
0
0
49245
36666
21518
24736
16649
15922
18271
34812
26497
19227
24030
19611
37085
14569
158
29614
40560
0
25723
6766
5395
20101
18155
21755
15236
11351
19668
6380
10109
11268
34815
53030
44538
8462
2952
23982
14729
47478
105
0
38887
40787
0
34418
0
13424
28835
2040
16809
22599
14009
18671
37418
12420
0
30682
21052
48220
30181
14009
18270
49198
60941
0
0
50257
31267
53836
36059
7392
29589
28312
0
0
16793
23952
41730
0
0
37037
10655
13535
22289
32819
28599
8524
44564
43538
37096
18588
2844
0
49816
25730
0
56069
35989
34804
38144
11636
13526
459
9526
0
59435
53689
39560
5096
27278
19656
22315
32574
12872
12173
57728
33190
29970
7943
22533
6161
26375
15131
14142
45695
28081
18108
50829
7525
3935
3540
22084
7986
14150
18499
36283
32705
14442
40401
35072
1561
25910
64814
31140
0
49564
54461
3721
149
23941
10052
31953
43858
0
37994
28549
12748
5939
7332
41111
30604
16849
8816
35456
20609
16301
37433
12661
31695
29440
0
0
32093
33237
4472
28559
46851
0
6401
58558
8843
912
32914
36648
24076
29000
0
0
8703
60599
58626
8351
5755
10360
7932
58345
37000
26802
27621
20555
394
2545
50312
33024
113
29013
51503
21256
24991
28215
0
9672
42488
46671
18206
6556
0
32083
27708
38047
19963
29125
29471
19697
22978
36832
31484
9430
15398
0
28279
26133
38194
18992
37849
46703
19289
40699
0
0
0
39997
26853
7713
25115
16978
8479
35012
60156
27693
1650
26733
40507
47216
18774
24330
6485
22644
0
0
58995
34074
18859
33426
33995
36236
9925
26877
7894
25393
24599
42154
38796
13059
12307
40706
0
48989
49754
4076
4612
37427
38601
22331
41328
19460
0
7600
14019
15255
41619
47087
38507
49533
0
21604
12090
6377
22552
36654
28841
37389
34144
14418
24761
24047
0
17826
59774
2414
0
61157
33687
10912
21787
19153
1490
33127
24318
24223
39150
29391
11341
50079
17253
13724
15369
19140
34370
33850
24678
14061
0
23815
15038
934
4792
32833
30027
33135
14781
30503
30555
27315
0
10695
22841
26933
10444
15851
65535
41642
0
29703
24412
13254
26677
29116
29586
40835
19145
3596
12633
11286
27667
5298
22718
42915
30487
36476
6674
0
33893
50554
3364
0
43491
36207
15538
19749
20895
29326
27677
35219
11508
29716
15756
0
0
36966
48758
21204
12926
13662
34731
24510
11241
40941
43424
26207
7593
2134
29700
12038
15398
33026
20300
17587
37679
1121
0
0
48649
65535
145
10306
21350
0
29131
28898
24610
36121
30495
19648
1552
6145
51616
27678
10013
15974
2093
37952
22872
15972
25113
25143
0
0
