181
52
35
126
162
152
130
120
242
98
94
99
110
196
162
192
60
177
221
227
107
80
221
113
115
33
148
76
60
130
206
241
217
189
144
15
212
199
42
136
26
70
64
51
150
21
213
251
167
245
129
118
134
124
167
124
167
236
162
47
224
216
61
93
146
25
205
235
173
183
205
105
210
249
228
238
133
154
51
118
201
145
111
74
47
132
221
25
228
241
79
148
96
45
38
245
91
185
35
22
45
227
245
1
135
109
247
99
239
30
158
152
248
180
244
37
13
15
127
25
202
210
47
152
224
223
4
129
157
108
66
15
36
34
113
8
223
242
40
172
160
152
235
206
9
134
35
243
52
237
191
195
187
63
46
41
81
232
63
139
51
97
144
148
6
110
167
21
51
101
60
154
165
46
244
55
35
178
253
176
200
51
61
24
197
60
251
190
201
162
217
158
183
91
219
163
80
208
232
34
80
65
188
95
137
15
29
124
239
220
55
58
63
173
216
139
44
240
214
209
169
28
178
203
225
43
24
189
200
148
179
243
161
230
226
142
197
13
60
23
136
211
124
164
96
85
94
24
123
84
31
231
125
6
113
153
85
79
229
146
104
53
62
44
22
87
18
113
185
211
244
154
180
47
88
246
127
202
183
102
28
239
47
79
96
194
143
85
238
230
75
193
130
237
101
75
76
13
179
7
107
159
55
106
205
109
21
27
83
201
122
6
240
68
48
94
34
112
59
5
43
77
15
186
13
88
118
242
52
214
223
236
227
114
178
204
79
145
18
51
13
185
11
3
57
246
143
50
109
190
100
96
66
136
243
140
24
228
91
231
31
201
174
232
90
120
116
69
239
174
254
60
168
8
12
63
80
98
91
242
9
179
14
1
1
155
51
176
3
103
232
193
116
118
95
77
153
238
103
79
217
233
248
5
201
113
119
29
184
164
103
22
1
128
90
94
105
3
145
190
29
41
185
165
180
77
180
56
203
9
228
84
204
124
219
33
46
25
221
82
77
250
182
173
23
180
94
125
207
102
238
9
24
195
137
178
3
232
164
77
199
59
38
116
76
236
191
82
161
139
159
1
207
136
67
29
232
12
172
197
171
193
62
202
157
133
233
187
71
93
210
136
253
10
10
189
187
193
90
129
10
122
75
173
131
89
143
165
79
155
156
179
204
205
96
138
13
208
171
138
236
215
240
225
151
23
86
160
122
201
167
105
241
107
245
54
73
170
161
166
220
28
241
254
73
74
13
128
118
17
36
170
16
31
45
12
103
77
13
50
247
231
65
58
113
171
241
129
25
187
50
55
85
69
61
10
178
240
14
5
59
58
121
141
77
157
69
225
205
193
185
72
142
248
12
9
177
18
233
128
204
77
210
18
25
57
212
178
186
220
42
211
151
57
97
4
191
67
155
96
131
223
172
128
56
146
201
107
223
236
221
177
169
112
50
39
15
247
158
223
106
64
137
72
5
161
245
95
23
250
244
187
84
118
25
218
174
63
206
103
127
180
87
153
56
159
3
248
73
171
165
63
118
167
196
254
44
119
157
251
38
214
148
27
57
182
46
141
156
196
153
224
44
6
49
239
219
53
102
37
13
162
93
195
156
124
198
165
173
156
205
180
99
235
218
90
140
157
67
14
190
113
230
113
109
112
69
197
181
220
190
56
124
148
184
57
83
70
88
28
8
43
202
124
121
164
140
248
130
109
20
128
116
159
48
79
16
157
224
141
34
154
160
239
137
203
119
195
190
185
35
4
235
157
69
83
253
175
242
225
118
142
127
254
111
83
138
159
22
170
187
154
84
186
188
175
188
117
23
21
210
96
80
10
171
96
224
213
65
123
13
48
52
127
43
117
222
99
168
113
99
240
251
71
81
238
98
205
194
248
131
251
67
64
150
38
213
158
173
239
116
233
160
198
185
210
203
217
28
200
137
216
10
134
229
65
144
165
228
108
66
11
74
173
151
202
109
188
249
140
57
196
51
33
19
93
150
243
197
94
128
118
73
0
153
180
90
238
109
73
206
187
54
115
128
69
113
183
6
70
237
247
207
216
119
153
141
58
69
156
98
141
13
53
107
113
14
230
158
247
29
116
97
214
43
42
170
159
181
205
240
197
12
80
231
238
186
244
162
54
31
147
205
136
203
90
129
33
164
110
109
175
92
221
165
30
204
227
17
67
116
169
78
138
23
99
159
219
50
62
16
113
214
110
95
173
221
169
82
120
234
123
190
4
42
59
107
229
150
128
31
77
250
4
151
9
57
242
52
188
244
102
166
42
87
228
81
143
94
114
224
89
67
103
158
220
71
153
31
13
99
121
195
202
